[gameover.jpg]
moddate=0c660549f936cf01
width=1800
height=1060
text=1;159;27;Thanks for Participating :);Bradley Hand ITC;0.200652,0.331979,0.055556,0.000000;v1,4291969071,4291969071,128.000000,1.000000,0.500000,1.000000,400,2,49152;;
textactive=1
[gameover - Copy.jpg]
moddate=56577aed8938cf01
width=1800
height=1060
text=2;237;104;&#010;Sameer (R-I Idea)&#010;Kamal (R-II Idea)&#010;Sudeep Srinivas (Web App.)&#010;Aravind (Publicity)&#010;Yeshaswi (publicity);Bradley Hand ITC;0.050683,0.694030,0.033333,0.000000;v1,4294967295,4294967295,128.000000,1.000000,0.500000,1.000000,400,2,49152;;140;9;Team Work;Bradley Hand ITC;0.073044,0.682140,0.033333,0.000000;v1,4291969071,4291969071,128.000000,1.000000,0.500000,1.000000,400,2,49153;;
textactive=1
